Camera matrix:
[6103.68176594755, 0, 386.2028322527543;
 0, 5892.879758911319, 297.9785544135378;
 0, 0, 1]

Distortion matrix
[0.1015699933065088, 3.314262386260351, -0.03694405222200245, -0.03077139167767337, 0]

View 1:
Translation vector:
[-51.87636418063663;
 -37.49572006148814;
 1153.184442539377]
Rotation vector:
[2.0944537709676;
 2.093683327140662;
 0.2527603357181779]
Rotation matrix:
[0.0003364994292163193, 0.9713314991054722, 0.2377288489301424;
 0.9999999094468774, -0.0003887873177971235, 0.0001730625865117297;
 0.000260527103134095, 0.2377287691675912, -0.9713315419750821]

View 2:
Translation vector:
[-4.233070489488383;
 -0.4370205294582989;
 691.9189490040854]
Rotation vector:
[-1.959636139531653;
 -2.004064077224807;
 0.2718440782698535]
Rotation matrix:
[-0.004441138406382827, 0.9335583839187527, -0.3583978517020743;
 0.9952982825186609, 0.03880425694134215, 0.08874434324864838;
 0.09675538798981159, -0.3563186403463016, -0.9293413912210647]

View 3:
Translation vector:
[-17.6837312954275;
 -0.1550321962486119;
 825.2678540234448]
Rotation vector:
[2.051005108797393;
 1.968773439188322;
 0.4795490195825123]
Rotation matrix:
[0.02850252626310035, 0.9128853597141037, 0.4072197515055886;
 0.9978977333624507, -0.04970708852122074, 0.04158508267188502;
 0.05820412138934239, 0.4051783870968386, -0.9123830088745073]

View 4:
Translation vector:
[-0.3873902114262875;
 3.023770991898259;
 599.9833590187462]
Rotation vector:
[-2.286264242171962;
 -2.349834377184777;
 -0.07259031175985318]
Rotation matrix:
[-0.02302799129407263, 0.9913637814158953, 0.1291029221735035;
 0.9974422831292555, 0.03152324060936063, -0.06414964635430863;
 -0.06766537846534666, 0.127295475953633, -0.9895540704574356]

View 5:
Translation vector:
[-6.636901719678667;
 -5.041487617847525;
 706.8570984247506]
Rotation vector:
[-1.748605330545971;
 -1.875736861050308;
 0.5104932539916853]
Rotation matrix:
[-0.03054514405149755, 0.7962693038725792, -0.6041706628802421;
 0.9926252419864405, 0.09510804154422292, 0.07516375060481217;
 0.1173120758755609, -0.5974191628529338, -0.7933020992723179]