%YAML:1.0
---
RotatVect1: !!opencv-matrix
   rows: 3
   cols: 1
   dt: d
   data: [ -9.9550021092758889e-01, 1.3058333356768059e-01,
       1.0003195872865071e-01 ]
RotatMat1: !!opencv-matrix
   rows: 3
   cols: 3
   dt: d
   data: [ 9.8758036432807117e-01, -1.4356914176148192e-01,
       6.3819476082975876e-02, 2.4234687769110010e-02,
       5.4053486084944879e-01, 8.4097249902431437e-01,
       -1.5523435155392562e-01, -8.2898128189986187e-01,
       5.3730096813359052e-01 ]
TransVec1: !!opencv-matrix
   rows: 3
   cols: 1
   dt: d
   data: [ -1.4593269671444003e+02, -6.3000501141787140e+01,
       5.2841313021539099e+02 ]
RotatVect2: !!opencv-matrix
   rows: 3
   cols: 1
   dt: d
   data: [ -9.8785594761789852e-01, 4.4836532868191453e-01,
       1.2632213636407699e+00 ]
RotatMat2: !!opencv-matrix
   rows: 3
   cols: 3
   dt: d
   data: [ 2.9092946546436160e-01, -9.3005885447299508e-01,
       -2.2438933428530167e-01, 5.8047200958540857e-01,
       -1.4847452072260486e-02, 8.1414482695331247e-01,
       -7.6053421501764018e-01, -3.6711044711822360e-01,
       5.3555357099375178e-01 ]
TransVec2: !!opencv-matrix
   rows: 3
   cols: 1
   dt: d
   data: [ -1.0013369845999208e+02, -7.9679545521830491e+01,
       7.3434790280810864e+02 ]
