%YAML:1.0
---
RotatVect1: !!opencv-matrix
   rows: 3
   cols: 1
   dt: d
   data: [ -9.9550017695113657e-01, 1.3058334190803111e-01,
       1.0003196486318021e-01 ]
RotatMat1: !!opencv-matrix
   rows: 3
   cols: 3
   dt: d
   data: [ 9.8758036269731475e-01, -1.4356914997219150e-01,
       6.3819482847345399e-02, 2.4234691780860393e-02,
       5.4053488883322853e-01, 8.4097248092213817e-01,
       -1.5523436130228035e-01, -8.2898126223112656e-01,
       5.3730099566328871e-01 ]
TransVec1: !!opencv-matrix
   rows: 3
   cols: 1
   dt: d
   data: [ -1.4593269589766683e+02, -6.3000505958061417e+01,
       5.2841313852120902e+02 ]
RotatVect2: !!opencv-matrix
   rows: 3
   cols: 1
   dt: d
   data: [ -9.8785596062108427e-01, 4.4836542829281290e-01,
       1.2632213522085298e+00 ]
RotatMat2: !!opencv-matrix
   rows: 3
   cols: 3
   dt: d
   data: [ 2.9092944695324441e-01, -9.3005887387564790e-01,
       -2.2438927786469859e-01, 5.8047194935400737e-01,
       -1.4847443167732274e-02, 8.1414487005970848e-01,
       -7.6053426806991276e-01, -3.6711039832255166e-01,
       5.3555352910313225e-01 ]
TransVec2: !!opencv-matrix
   rows: 3
   cols: 1
   dt: d
   data: [ -1.0013368710595721e+02, -7.9679541018830307e+01,
       7.3434786471091741e+02 ]
