%YAML:1.0
---
intrinsic: !!opencv-matrix
   rows: 3
   cols: 3
   dt: d
   data: [ 1.6608854689050399e+03, 0., 8.6577816918165740e+02, 0.,
       2.5817532477714190e+03, 6.2112658046419335e+02, 0., 0., 1. ]
distCoeff: !!opencv-matrix
   rows: 1
   cols: 5
   dt: d
   data: [ 2.2891864561741571e-01, -8.8159366303315800e-01,
       -1.2421459980869111e-02, 7.8481264801333484e-03, 0. ]
