%YAML:1.0
---
RotatVect1: !!opencv-matrix
   rows: 3
   cols: 1
   dt: d
   data: [ 1.9566741684281894e-02, 2.1336203751121324e-01,
       -1.5580816350462625e+00 ]
RotatMat1: !!opencv-matrix
   rows: 3
   cols: 3
   dt: d
   data: [ -1.7928771270588361e-03, 9.9236622836531252e-01,
       1.2331283141511229e-01, -9.8898406493497193e-01,
       1.6492137558047636e-02, -1.4710040347825643e-01,
       -1.4801116476910336e-01, -1.2221815822033595e-01,
       9.8140481805670932e-01 ]
TransVec1: !!opencv-matrix
   rows: 3
   cols: 1
   dt: d
   data: [ -2.6642136673303588e+02, 3.5051593997132892e+02,
       4.0039537195194054e+04 ]
