%YAML:1.0
---
RotatVect1: !!opencv-matrix
   rows: 3
   cols: 1
   dt: d
   data: [ 1.9603744313529192e-02, 2.1333447697659719e-01,
       -1.5580840215193259e+00 ]
RotatMat1: !!opencv-matrix
   rows: 3
   cols: 3
   dt: d
   data: [ -1.7913763117133929e-03, 9.9237130261186202e-01,
       1.2327201111098128e-01, -9.8898318004060559e-01,
       1.6488292227569895e-02, -1.4710678371913802e-01,
       -1.4801709552508061e-01, -1.2217746916618591e-01,
       9.8140898990200032e-01 ]
TransVec1: !!opencv-matrix
   rows: 3
   cols: 1
   dt: d
   data: [ -2.6642343599332014e+02, 3.5051686328534510e+02,
       4.0039757379637864e+04 ]
