%YAML:1.0
---
H: !!opencv-matrix
   rows: 3
   cols: 6
   dt: d
   data: [ -1.3218151505195192e-03, 5.8391259462130740e-01,
       -2.8096166088851718e-04, 0., 0., 0., -5.7174564520907489e-01,
       9.7797998427771923e-03, 1.2784531854039896e-03,
       -8.0362324313210109e-04, 4.6196501195781142e-05,
       2.7451296825225721e-04, -7.4503364844698467e-05,
       -3.5152738635815909e-04, 5.7624043726621132e-01, 0., 0., 0. ]
T_img: !!opencv-matrix
   rows: 3
   cols: 3
   dt: d
   data: [ 2.7506102344379024e-03, 0., -5.2500079980523688e+00, 0.,
       2.7506102344379024e-03, -1.3319141476714256e+01, 0., 0., 1. ]
T_wrld: !!opencv-matrix
   rows: 3
   cols: 3
   dt: d
   data: [ 6.4630850395942978e-03, 0., -1.9389255118782893e+00, 0.,
       6.4630850395942978e-03, -1.3572478583148024e+00, 0., 0., 1. ]
