%YAML:1.0
---
intrinsic: !!opencv-matrix
   rows: 3
   cols: 3
   dt: d
   data: [ 9.5832887110022464e+04, 0., 2.0489609862767761e+03, 0.,
       9.4172057077955222e+04, 4.7080120297975745e+03, 0., 0., 1. ]
distCoeff: !!opencv-matrix
   rows: 1
   cols: 5
   dt: d
   data: [ 2.6358196320338077e+01, -5.1639696641699075e-03,
       -8.6359198804346532e-02, 2.8383776438576841e-02, 0. ]
