%YAML:1.0
---
H_v: !!opencv-matrix
   rows: 3
   cols: 3
   dt: d
   data: [ 4.7359447744387195e-03, -9.9817887418143336e-01,
       2.1856820090675717e+02, 9.9991135975395751e-01,
       -9.7763889153085742e-03, 5.7732314988530925e+02,
       2.4679143879508732e-06, -1.6102984081512868e-05, 1. ]
